H2 table
[[2,-3],[-3,2]]

___________________________________________________________________________________
|root         |norm     |mult         |     |root         |norm     |mult         |
-----------------------------------------------------------------------------------
|(1, 1)       |1        |1            |     |(15, 11)     |149      |23750        |
|(2, 2)       |4        |1            |     |(16, 11)     |151      |25923        |
|(3, 2)       |5        |2            |     |(13, 12)     |155      |30865        |
|(3, 3)       |9        |3            |     |(14, 12)     |164      |45271        |
|(4, 3)       |11       |4            |     |(13, 13)     |169      |55853        |
|(4, 4)       |16       |6            |     |(15, 12)     |171      |60654        |
|(5, 4)       |19       |9            |     |(16, 12)     |176      |74434        |
|(6, 4)       |20       |9            |     |(17, 12)     |179      |84121        |
|(5, 5)       |25       |16           |     |(18, 12)     |180      |87547        |
|(6, 5)       |29       |23           |     |(14, 13)     |181      |91257        |
|(7, 5)       |31       |27           |     |(15, 13)     |191      |135861       |
|(6, 6)       |36       |39           |     |(14, 14)     |196      |165173       |
|(7, 6)       |41       |60           |     |(16, 13)     |199      |185526       |
|(8, 6)       |44       |73           |     |(17, 13)     |205      |233487       |
|(9, 6)       |45       |80           |     |(15, 14)     |209      |271860       |
|(7, 7)       |49       |107          |     |(18, 13)     |209      |271702       |
|(8, 7)       |55       |162          |     |(19, 13)     |211      |292947       |
|(9, 7)       |59       |211          |     |(16, 14)     |220      |409725       |
|(10, 7)      |61       |240          |     |(15, 15)     |225      |492420       |
|(8, 8)       |64       |288          |     |(17, 14)     |229      |569358       |
|(9, 8)       |71       |449          |     |(18, 14)     |236      |732180       |
|(10, 8)      |76       |600          |     |(16, 15)     |239      |815214       |
|(11, 8)      |79       |720          |     |(19, 14)     |241      |874650       |
|(12, 8)      |80       |758          |     |(20, 14)     |244      |972117       |
|(9, 9)       |81       |808          |     |(21, 14)     |245      |1006994      |
|(10, 9)      |89       |1267         |     |(17, 15)     |251      |1242438      |
|(11, 9)      |95       |1754         |     |(16, 16)     |256      |1476973      |
|(12, 9)      |99       |2167         |     |(18, 15)     |261      |1752719      |
|(10, 10)     |100      |2278         |     |(19, 15)     |269      |2298090      |
|(13, 9)      |101      |2407         |     |(17, 16)     |271      |2458684      |
|(11, 10)     |109      |3630         |     |(20, 15)     |275      |2808958      |
|(12, 10)     |116      |5130         |     |(21, 15)     |279      |3207547      |
|(11, 11)     |121      |6559         |     |(22, 15)     |281      |3426450      |
|(13, 10)     |121      |6555         |     |(18, 16)     |284      |3783712      |
|(14, 10)     |124      |7554         |     |(17, 17)     |289      |4456255      |
|(15, 10)     |125      |7936         |     |(19, 16)     |295      |5411212      |
|(12, 11)     |131      |10531        |     |(20, 16)     |304      |7217527      |
|(13, 11)     |139      |15204        |     |(18, 17)     |305      |7453376      |
|(12, 12)     |144      |19022        |     |(21, 16)     |311      |9005900      |
|(14, 11)     |145      |19902        |     |(19, 17)     |319      |11571373     |
-----------------------------------------------------------------------------------


H3 table
|root            |norm     |mult       |     |root            |norm     |mult       |
-------------------------------------------------------------------------------------
|(1, 1, 0)       |0        |1          |     |(10, 12, 5)     |31       |8326       |
|(2, 2, 0)       |0        |1          |     |(10, 12, 6)     |32       |10111      |
|(2, 2, 1)       |1        |2          |     |(10, 13, 6)     |33       |12266      |
|(3, 3, 0)       |0        |1          |     |(11, 11, 0)     |0        |1          |
|(3, 3, 1)       |2        |3          |     |(11, 11, 1)     |10       |56         |
|(3, 4, 2)       |3        |5          |     |(11, 11, 2)     |18       |490        |
|(4, 4, 0)       |0        |1          |     |(11, 11, 3)     |24       |1956       |
|(4, 4, 1)       |3        |5          |     |(11, 11, 4)     |28       |4557       |
|(4, 4, 2)       |4        |7          |     |(11, 11, 5)     |30       |6826       |
|(4, 5, 2)       |5        |11         |     |(11, 12, 2)     |19       |626        |
|(5, 5, 0)       |0        |1          |     |(11, 12, 3)     |26       |3005       |
|(5, 5, 1)       |4        |7          |     |(11, 12, 4)     |31       |8322       |
|(5, 5, 2)       |6        |15         |     |(11, 12, 5)     |34       |14821      |
|(5, 6, 2)       |7        |22         |     |(11, 12, 6)     |35       |17892      |
|(5, 6, 3)       |8        |30         |     |(11, 13, 4)     |32       |10108      |
|(6, 6, 0)       |0        |1          |     |(11, 13, 5)     |36       |21525      |
|(6, 6, 1)       |5        |11         |     |(11, 13, 6)     |38       |30993      |
|(6, 6, 2)       |8        |30         |     |(11, 14, 6)     |39       |37083      |
|(6, 6, 3)       |9        |42         |     |(11, 14, 7)     |40       |44258      |
|(6, 7, 2)       |9        |42         |     |(12, 12, 0)     |0        |1          |
|(6, 7, 3)       |11       |77         |     |(12, 12, 1)     |11       |77         |
|(6, 8, 4)       |12       |101        |     |(12, 12, 2)     |20       |791        |
|(7, 7, 0)       |0        |1          |     |(12, 12, 3)     |27       |3710       |
|(7, 7, 1)       |6        |15         |     |(12, 12, 4)     |32       |10107      |
|(7, 7, 2)       |10       |56         |     |(12, 12, 5)     |35       |17893      |
|(7, 7, 3)       |12       |101        |     |(12, 12, 6)     |36       |21526      |
|(7, 8, 2)       |11       |77         |     |(12, 13, 2)     |21       |1001       |
|(7, 8, 3)       |14       |176        |     |(12, 13, 3)     |29       |5587       |
|(7, 8, 4)       |15       |231        |     |(12, 13, 4)     |35       |17886      |
|(7, 9, 4)       |16       |297        |     |(12, 13, 5)     |39       |37080      |
|(8, 8, 0)       |0        |1          |     |(12, 13, 6)     |41       |52752      |
|(8, 8, 1)       |7        |22         |     |(12, 14, 4)     |36       |21514      |
|(8, 8, 2)       |12       |101        |     |(12, 14, 5)     |41       |52741      |
|(8, 8, 3)       |15       |231        |     |(12, 14, 6)     |44       |88255      |
|(8, 8, 4)       |16       |297        |     |(12, 14, 7)     |45       |104456     |
|(8, 9, 2)       |13       |135        |     |(12, 15, 6)     |45       |104450     |
|(8, 9, 3)       |17       |385        |     |(12, 15, 7)     |47       |145540     |
|(8, 9, 4)       |19       |627        |     |(13, 13, 0)     |0        |1          |
|(8, 10, 4)      |20       |792        |     |(13, 13, 1)     |12       |101        |
|(8, 10, 5)      |21       |1002       |     |(13, 13, 2)     |22       |1253       |
|(9, 9, 0)       |0        |1          |     |(13, 13, 3)     |30       |6818       |
|(9, 9, 1)       |8        |30         |     |(13, 13, 4)     |36       |21515      |
|(9, 9, 2)       |14       |176        |     |(13, 13, 5)     |40       |44247      |
|(9, 9, 3)       |18       |490        |     |(13, 13, 6)     |42       |62719      |
|(9, 9, 4)       |20       |792        |     |(13, 14, 2)     |23       |1571       |
|(9, 10, 2)      |15       |231        |     |(13, 14, 3)     |32       |10096      |
|(9, 10, 3)      |20       |792        |     |(13, 14, 4)     |39       |37053      |
|(9, 10, 4)      |23       |1574       |     |(13, 14, 5)     |44       |88230      |
|(9, 10, 5)      |24       |1957       |     |(13, 14, 6)     |47       |145513     |
|(9, 11, 4)      |24       |1957       |     |(13, 14, 7)     |48       |171355     |
|(9, 11, 5)      |26       |3007       |     |(13, 15, 4)     |40       |44219      |
|(9, 12, 6)      |27       |3712       |     |(13, 15, 5)     |46       |123316     |
|(10, 10, 0)     |0        |1          |     |(13, 15, 6)     |50       |236580     |
|(10, 10, 1)     |9        |42         |     |(13, 15, 7)     |52       |324870     |
|(10, 10, 2)     |16       |297        |     |(13, 16, 6)     |51       |277424     |
|(10, 10, 3)     |21       |1002       |     |(14, 14, 0)     |0        |1          |
|(10, 10, 4)     |24       |1957       |     |(14, 14, 1)     |13       |135        |
|(10, 10, 5)     |25       |2434       |     |(14, 14, 2)     |24       |1953       |
|(10, 11, 2)     |17       |385        |     |(14, 14, 3)     |33       |12246      |
|(10, 11, 3)     |23       |1574       |     |(14, 14, 4)     |40       |44217      |
|(10, 11, 4)     |27       |3713       |     |(14, 14, 5)     |45       |104415     |
|(10, 11, 5)     |29       |5593       |     |(14, 14, 6)     |48       |171337     |
|(10, 12, 4)     |28       |4557       |     |(14, 14, 7)     |49       |201527     |
-------------------------------------------------------------------------------------
